5594051435
4130682908
7715542805
4740968572
207637960
8832902700
4706172257
3795617321
3621325193
1366771485
9909042055
6890119251
6561433719
6111259205
934340207
6619489513
5327985440
1561480955
4258817507
7469880203
4766002034
8059768536
2560595576
7580615652
7701136362
8420171503
5534479747
8205309003
9715448987
7418344671
1020625549
3359356101
5314564340
3143293457
5349231506
5358905767
7326834052
8426921672
1311383971
5126055579
8842020554
7611435254
4772751591
3259096335
996800952
9594886551
4533329983
544041461
4354367712
5700539612
9749380279
2890660995
2156829742
5440562751
3962913952
6545573841
6839438457
4673286340
3565861900
2043000613
1262533649
4680939030
9814260097
1658745099
3286383290
9728485932
5753807492
550532730
7639751031
393103835
2858919854
7232838767
4315005953
2945895561
1458858281
3677617835
9011828319
6941957201
1497721544
6120044009
6350096626
3818526220
4031812387
6437391880
8377552410
8620193270
1197109319
7687965569
9670627739
6649611018
9952519907
6841645273
7297183896
9287218870
1387039096
6601912654
9554332404
7906064971
4747437352
5633297898
9129485586
6703756906
5600365833
2219359492
1469778172
127800733
1406238614
3244110058
6568157115
8832223483
1727523469
7678615005
3818413767
7507057202
4091030050
1321586200
1460224938
3374566602
2672559284
5436989623
1295882102
173045680
1771177568
8738875676
7828698737
2226068317
1058141052
621190823
4506693668
3869050975
3549699299
8308816279
353045899
7571438108
7854970586
2891225659
7969323535
8341328872
5442209454
5747013144
7863961044
7610618910
5383609497
4645252168
8751526561
4725030051
2674797977
8163393240
3253996236
5114723916
8978917008
9927846251
8809547853
7784410848
8081478991
2823746261
7481894651
9064252800
2100271328
7927205436
7730112344
3871522730
6883351259
6610514377
7549179494
6613003357
550960494
1768125644
395790769
3738654385
3639393391
5089785255
7200875201
1338980946
5199716858
7459037908
2480789433
2225726212
8928497609
8771436855
8316695307
5707963622
3862695385
6620408341
6430720998
4413061494
9683768919
8967816862
5051142230
2243065858
6253211807
7120414894
9458913965
8299834506
1391059150
4527996847
7255492622
3011559308
1988372905
5065730054
2512191997
1021085847
4136031367
6513291271
6729573272
879641268
1252012236
2036307518
14899804
6354476288
8726671639
6723352788
852128206
3055607660
5810440648
2149996655
5665522274
931379955
8703468287
5215605413
9279911985
6413921356
9244598719
9527272862
7405156319
9853814844
4837088667
61112816
4239354310
3797947143
3691282794
8994473982
1463153738
3150618883
6790075842
5180176904
2202633068
5913901349
7298570079
9903528608
4436456396
7826482807
1329573030
7068995426
8808786771
472715240
9044353179
9171369157
6903899717
3454913009
7832857267
3737396196
7148127280
989531711
2215888643
8874535734
7470227176
9124645484
7631654660
2813534325
1069177512
1417234016
7355117140
4368407983
2777558766
6640030632
2157618348
3896045724
3484469248
3657335193
8014071766
3450710880
8985155644
2849597079
8192340968
1282322822
7971340767
3044323195
9204573232
5577106161
8213660105
1759439946
3534257477
8884286280
8653583212
6180890903
3773838465
2719314797
2973601676
1100129732
4849150501
8992139855
5688888838
1799583565
905090874
4862054914
7507282945
6764080185
9006195431
5045680793
7339916404
9548557632
5264831850
1195622764
9976534857
1440267806
1381429222
6752001688
758084842
3555060737
2368175881
1169089895
3813620034
2792615974
3701034620
962490873
8584525240
173066268
4353645180
9230844873
4511059105
263010947
4761373621
5645179313
747350783
8599797923
6482229181
2253766670
5570711389
8170110281
2824784416
1932375837
9271991159
6828891291
2573367355
6936194006
2201154328
5575241548
7409369249
2421971428
8196066946
3854945705
4912153184
8062734924
3159845237
2805808190
2903850820
3666671790
3289821315
8923846697
8081760642
9313428835
4148913156
3958178584
1679469508
1687721153
1835348053
1237814393
1808003956
7784409772
3585904249
6894482034
5700860496
9062691388
8323314514
7106940965
4166831051
1757687490
3436528635
1721261357
6180172788
628022343
1405893602
3744419992
4894937877
3481356745
2192322162
3013224700
5952526236
2057379616
6739150921
8078767654
8412190983
6099863545
2148876091
253756934
4326666790
3183634749
3768952776
3111993984
6904418030
1533609108
7079007753
3834342876
5970757315
1431436753
1962591311
2057900581
2190171094
1296912799
4225727682
5391753175
4281858610
1272959392
7835751986
2489652189
7189970118
9903950106
9888685910
415675442
5199558595
326708024
5326665085
5836281790
780907547
2504455072
2080959966
7795104975
7861242259
4603113004
5803920395
7391737093
1474640804
3830014873
1085889012
2386660247
7813224313
427502648
2882816311
974487202
791036290
5091016804
8177650581
3850764604
716199192
4483485330
6501242358
9378081117
3281541244
8347598922
6094395866
1256155603
9394186372
6179146873
9323111609
1844298715
8268639898
3822696656
5886513599
2835564346
433557285
4384599133
6436230925
6014407817
6242415370
3026771375
4664903933
4697099020
6489054479
4399418253
3159300893
3285686792
1161443526
2211689003
490555336
2945090357
3472584684
1734091501
2113778618
9551115361
615329828
4076265819
6786824915
7561782041
7080026235
5329237806
3919148537
8977927530
8498483466
3037330602
5656859573
848278669
6474395710
4658258230
5537028152
5932674378
6930131188
7322878399
56796095
801354698
500635818
762391861
8727329711
7523090959
3719018871
1722653887
1776093848
9033177133
7289909838
2048647927
8284672220
7175841396
7847242490
6951072171
5598845167
8068711859
3219096835
2524939233
8584325898
2191585708
8275651107
6397624134
3755784156
9898854715
8995837273
5417454952
7956956528
9939732231
8482006077
9163716924
2048628888
8843697950
7352542874
4392145535
6309778170
7208203266
1679939199
9307356729
3630594697
5426266194
7697274572
3366871159
3984857628
2965654466
5142740169
7125996569
4959563626
1899989606
7215463267
6040053315
465001998
5926846937
5459548904
875095643
7673073800
2903867045
7718692731
6887663052
9306425576
1983741975
3324538730
9035277614
8467186063
7073550842
3751699087
4227087712
1670477618
7369003181
770100546
8122359301
1846313034
9874796858
3720158400
1953044970
8269822455
969333316
786450312
3330815678
3542003292
6813128745
1983599587
6832314673
4602421006
6721602087
6296967433
6875535835
8770063653
6534340954
594327583
2047655708
554155655
6535970435
7021450683
5072835778
5635751930
8554940255
4657877503
9114453569
9597242883
2562926761
2073328212
7914582011
5362048391
658792889
7180476939
509590125
226692989
5651171361
5855123666
777538566
497280961
8715059969
5884630622
2668618784
9911698917
163423007
6470627969
2333881366
5979057580
3802923551
132356493
6479939025
2734650756
9739236227
315497399
9939463525
1503198432
9936445980
1760161934
3888129563
4003212847
3367355835
1773308239
9365936533
7131479467
6941012280
7212411416
8702694648
4799297938
4164361704
7873153126
3647791566
9764120546
1727648728
2956878730
9923246534
4568685701
4264261117
4827616689
764730397
5726744541
4388690950
4094867119
7560536532
4253259675
9852765840
6168491706
7352750569
4038753184
9783476966
8188545376
6239477831
7493651119
5753533407
1076694741
2432254106
6662222408
9634718525
4265969319
4721067586
4623912699
3802910232
4544052148
5068693525
4640166319
9492907116
6332230925
523785130
6367337419
9265448638
9765596349
9696351285
9843772390
2387874626
1288663923
439462381
6032845711
4262739679
5873267954
6590923931
6652737469
3214202496
4630811462
5560969899
8928370406
3290163151
3081097091
5615206333
4399073161
4767827890
9001421279
5776057013
4256666353
1756253097
9333782485
9517335834
7677265836
8032200650
9323153179
828701132
8590152874
2427097539
4724659377
4115234863
8014678367
251200495
114709830
5481350912
4008887619
9706953946
6983653409
3977395047
5122948493
7154872428
4646214461
5121616051
701082808
6898728012
9444893848
6145836097
8606329800
8825672446
4536225498
8758001406
2461808054
2962441804
7946689920
7870580354
3331988897
2367273147
8865576561
8158674251
8265495670
6808085216
4312851864
6353816904
2583656339
7979146132
5514457083
9156445082
5951793741
5634105648
4185149613
6361362534
5366865989
3509222878
5675987260
3442460748
8700324482
8637728247
7012457514
8881148585
9194151191
2339616341
7255183005
7716926703
826022103
5030166497
75191051
7142621599
6893005449
1745184102
8842929697
7824364241
6119072520
5907631062
592961050
9500927919
1072317316
9310262862
6032619345
2355217343
6141186898
575224046
907758425
9075886774
9849330271
4293880671
7084121708
6700730520
6120723015
9700452980
3391668934
6646266644
1267725638
1571468422
1596819324
7790862417
9899509522
8558209511
5988059715
6614769379
9990093661
3627174331
9087681771
9472933416
5464495023
1043638994
349199174
7301672735
4772924084
934409244
4482062799
4048452825
2253072170
2063989207
8591028973
1076772220
1072051573
4679393724
7807708196
8569441730
3072965362
3919569129
4461330656
3518199220
9129223795
1061165225
4340894532
3725692091
626599331
2702066569
6622508879
401889286
1200527814
1962438129
4261827037
1853911310
2020569874
1569350768
2263258125
3073432959
5503144985
165493063
4321339381
2044278549
1888114243
402627724
1436926920
2270703895
2635993041
9562150276
1204508418
1626567137
5830625142
4674278368
41267790
7306826850
8828586365
6225320346
5386406095
3820124018
3769902952
1012064016
340626891
33044678
3885957435
6970270656
6187206258
4662050772
353581108
5665586294
4725668254
8463306271
8137659178
7787456344
864250486
656697926
2195326212
2812112336
39237513
4171575353
9542653181
9854733698
186049033
3979067135
56841055
4427070160
1276283683
1539720507
9898471680
7699808584
3569168502
694045260
5685380622
8563075077
2014150163
8917499329
5094466329
6718689378
7675699628
7610962589
6952237037
8252423438
7150800375
4592798165
844986974
9924340464
3382203001
1609949213
233204686
2113084671
4659641667
2932924851
5245912726
9838335232
2863870468
6093998691
1600261950
2975508714
6687601040
5580792991
1303165573
8624623587
3037982480
799979532
5403067534
6256405969
5652512688
9728736690
7890698580
4695894266
4543134227
8967750017
4821759666
4819892461
1262522477
2038517469
8308967581
8489702749
6569570174
641211777
3432440558
24188189
1102878036
2812639297
9254108454
750497769
7681592677
6702396808
5422981979
6061953925
5898781675
9217307573
2559002756
4364655177
3584361099
7989312252
5535643286
1028598469
6729424814
736929693
4984961856
1727595721
5887791326
9445812680
6100800282
7925473396
655982166
778775104
3019159806
5880732799
8504636003
7303442075
8047627237
8463284049
6583315922
2068019513
8100425251
4701964888
6481215099
7869815518
6664409321
4187279719
8182928619
8061613503
4428197900
4737147353
4991347644
6348062807
7603417320
9983527068
5324948111
691424908
1214399712
3819782060
7250633982
9404196387
1778598092
1454059677
7672253031
2081476086
3340255379
5782338838
6148872271
1734393228
7615570207
9405611219
2114324871
8384200382
1337080537
3516673254
3640268146
5323646637
7649618099
1013737183
7888563774
8353104316
1259570831
7319995741
1172808327
4917142176
6738097044
6715626459
3339716384
2249522135
9617894922
836963364
8812100345
7181381079
1397453541
871702187
3753429533
630043693
9159244081
3205350578
8947842167
2545458729
9029130186
5910747613
9182519959
3715637029
2115550874
5981138460
5744236543
5518209614
9167703433
7701141865
2694433991
1755439812
7357011060
6092985341
7973400735
8044014776
123309277
8463112603
8242878388
9394323030
8267901110
7549093771
3113306774
1730130073
7696892982
9689483418
4164516975
8281399361
117500340
2725374714
4868940476
2752975594
2794349891
1431665081
7419456344
3243248041
9220132995
5780473365
1645646982
4985136084
4737708972
5733392374
713782315
956164768
8946017703
8785219766
8521695051
1502193830
5630067598
5605975901
5855136738
5409023904
169547381
9250019386
8191361184
2519824111
4488323245
5855671404
652102007
390984969
1365336197
9193358313
9591759981
7586621006
8467290342
5648944826
8254067574
1703862700
6104064486
5159178802
9122786123
2859828508
852588999
9684471443
925545400
6976399944
4672762949
8600721745
1927583761
8532567107
7510045523
3195368469
4961670747
2490635392
8196371950
9497728805
1683318865
4720163
4998756352
5756211795
9977421577
2840651468
523982143
564458763
9246571029
8222041329
4468156831
7834727873
7638956701
3041465583
4560587843
3502023723
5209970686
6027606478
7199126273
2491679146
5552161467
1011187496
7922546139
2126803954
1206978210
8436695332
4509053275
7220163937
7469729424
5845134980
2714002538
7351669565
2864703817
7742311530
8999241949
2216541538
1134576340
1107782135
5391677840
9170434907
7468392182
285894011
405688281
3642005855
3483983151
9497314131
4779651407
4184036909
1652362106
3009435660
5892132524
4778309779
9337882931
3426129138
7001955808
5125935288
4738493688
8762865619
8282831042
4316698597
3237146794
5370509643
5246572725
7015525255
7006289962
2592184082
9565148650
533163960
9813756410
6180939467
7487570490
9657546822
4155314650
3852129596
2457471501
9700894826
7198470063
6218894857
3646699519
5017106120
3976605279
5271522646
597598497
3531497159
7683087786
2386371261
9121347293
6082197604
5749068188
2149563645
7490184430
1668638315
1755834307
8604750418
3385043529
2877994254
4550232055
311338326
5584927535
2566039564
8703753268
5650078333
2122659581
7449283330
4651356727
7436898917
8442294582
2931653819
3708166882
1230867787
6618747363
3394913837
931535742
1573420260
5337454715
6004007778
7421285401
8378585523
2304749559
7922091659
6648479380
9593237423
8859718908
3009214439
9062317643
5657580831
327519328
403242952
1288828740
7911111745
6353466783
4537283647
4755118830
2184526958
7441560765
7949810665
3425509011
6249221438
4905380904
3566703657
4325759094
9940708257
8761159270
653843541
1032923525
1515115117
5528805406
2767915198
5835607191
7615262831
7385916418
5782514674
7944859328
6100564365
3764970440
2864651060
6598624258
1448056126
4116910646
8875793403
245789302
3194827673
8572442104
8544429841
1358447329
8904841459
3111180301
2419784834
8235590991
8866865226
4873332458
5837848716
9085889697
1967070987
8072072045
6744434808
5046941389
1554582161
6625344532
2527320916
277092379
182741953
8685390627
4004071998
4057774776
1272059299
5586217666
9279051571
1768779495
4631552895
4456578927
7206204804
2000652855
6479995805
9960855186
9866922476
1276781238
4645330111
6391248842
3259400022
7731241879
8306947814
3533279032
7264382529
8623475501
242305077
8252943089
2605111068
7293537378
9230316539
609749723
5330567230
3571819760
5293130364
7846956423
8103520039
8024764861
3261625115
4022251907
2405965931
2897662643
8851754266
4766912694
7176638480
675489515
273845021
3445910443
2397158517
1279100346
4358596999
2281107369
3670544424
639885368
6187378450
6965162828
546725168
6498604721
2043226836
3402850125
9485720226
8095138534
162069269
274404041
2502104264
3552789361
9316841973
9440270361
3443269465
5733056915
8368087457
4521653387
7401541577
735501108
2267764434
3091335416
1866620980
4330389509
8103710670
9716290599
1230499348
1084070677
7416400308
473184450
1467909106
120739812
6755805911
2962006917
1256998368
4584552218
2645113145
8512525261
8133260437
9417941357
9338803105
9541861281
8402360580
7826939488
1574647195
3440827508
8624985012
3657367171
2014222594
1797094487
404730312
4933628232
3065296472
7213096225
2721017960
1461789798
2307265755
5489734100
4522862466
5010046770
9329525239
543563422
1068633598
2886955097
529721080
7406209777
5743695675
1517588558
3346740037
1539987727
3057614272
7276537484
7308459176
906293529
3338189099
3774013716
7466814064
4958300505
269098809
6206681506
1014828166
5163133914
2057729917
4103519254
5916685873
5483102494
9825769651
6521495522
5195564733
8310343333
4027406383
2704095999
2242601153
1717723091
39783837
6858070776
5121235534
7910452837
6517989387
3590954517
2664383931
7529893457
4834787103
4661570266
3475276694
2515009913
3088724755
9499415051
6357794361
12447646
4863377150
6640604103
9257728023
456416667
6970788108
5607886485
4402920862
3479508147
844067513
3151209046
7156709917
9080878331
5617183759
8502619996
1442251551
8700523588
3777642814
9814752847
9993775121
878763612
5576039062
3108175769
5246863065
3061095835
528501740
6207555640
4999005249
3006115510
6283470401
1139864602
8962665150
7431652913
4095047321
8345506081
3738070315
762673593
6610635587
6559117785
8698928078
6060886853
8178695742
7143693158
6073993864
3848293158
209635041
5062167494
7162137719
3868916403
5409736686
9812819339
4113084057
9644126159
5812888159
2844061628
3878951361
4979760580
7921120758
2380898705
1077517445
7097626500
2237553749
9443360606
5231358367
6236630272
7146849715
6483404693
832182205
3554456367
5387342272
392964518
6383377934
4640388861
5731031159
1773343504
3274881434
6502356672
6808599970
5223799981
5981767595
1752477643
4758918413
7711215332
2373248635
6623930991
882537089
8262751520
5418348379
9331135550
3621842734
1059628711
6000507634
8455050066
4122185965
3079215348
8002552758
9121768348
43537302
6502830090
8292200884
5208464347
2474387944
6858937934
9983264312
5176116999
9869413830
1233951787
5796174419
1729301997
8828016502
3641606330
7132638262
6825868468
3553661955
2261017430
6563428641
3547587078
9989625565
3591139608
4949105435
4121762046
7109257268
8066528365
70924370
1561587182
2352858593
9997405803
1507762409
1962078818
7030390525
8674859125
1228332304
1415346896
6248671123
6310672528
6213324971
5032646122
4735159951
1194906637
6678388967
6192615340
3511392885
3165729293
5309712012
8640776075
1938286988
4697437379
9939214531
3017049675
9827807688
5389272800
5851642292
7763190841
8638665802
3144168705
532694240
2670072752
1672123984
1982681086
7103572590
5198091312
6593249531
1610800656
8169536485
7135764944
3926056702
6620560370
3320174775
9664823999
231964536
8014380884
9794757516
2233194691
5437448767
3183774295
2035923205
1376676503
3864052693
4777117698
1468738182
7171570759
649075945
5810914589
3859689764
7533873912
785014871
2698233141
3169234134
3522235096
5202807105
5906350289
8845535207
7746316787
426631457
6950929159
8549577398
9028441903
189395030
94601757
9344487451
1259267945
5359923822
8005824232
2301151827
7374751125
1282965612
3736965860
5536243576
5034341302
2601702338
8640336291
4743235931
2591249881
3862210646
3966623065
2668431323
3802236419
825762610
723976633
6319560845
1661951106
8769975281
5179492624
3934511627
3897578986
9839944890
9718860929
5628398839
2639699526
603337050
2568933833
1518288365
7468669292
4110045679
4872158613
9223637171
1222831867
5319021412
6392104910
7417130859
7017309950
6100369405
6229779470
1001277324
2072626815
9904890869
2541438230
7251067082
6361894499
4666428507
5239204237
7424839097
2996389493
9920732242
7057352388
9994835989
7664187032
5077271543
2927745304
4043227070
6778427862
5019356049
5652798731
677426531
9065727269
9793843039
5690734130
6874558474
3028647095
8823101639
5922793863
3890253556
8780840513
1564195252
4047123169
3059811188
4634266365
4677502784
2125531036
2233076928
6865525295
6666050985
9078535156
7157918920
6563858512
4944290137
8204869679
663010988
6883724025
7372659788
844724392
7494292542
7793742424
4901810623
4380537452
6059035660
9351347666
1905824140
7661472241
266459435
9407419571
5749191707
1322758391
1741027218
8737341556
7050966185
6070664274
2507412712
4589434001
2440136297
859025254
1711542426
719626890
4753828256
5917925730
9476164278
4777297200
7433670174
3110740857
8940451681
8965463949
3253028830
4599418574
8644198608
6879995653
605149849
7806449367
8705884630
3055550234
5199164747
4363236276
7593249518
523732362
9174988939
3229861985
9763952228
4787980161
8634812127
2438903560
5659828083
5300278215
7420469677
1012997401
2628978211
9852883068
7184955666
8410566655
1156756101
6594626882
7543924172
718473092
2569097058
1897662090
464925575
1103879337
4189045224
4790473810
901072888
5693459277
4415732893
9623293454
2960030795
4164208963
9814525653
1231436953
7746603721
3075652334
8743503175
3828238668
9756865629
7064891795
4949268482
1933830616
8279008563
9588087419
292751777
9087471406
1012505706
8052981635
3735984865
3073240113
2262889219
4091700782
6259395917
4756704465
1601729208
2017513394
5498528295
9922816516
110515856
1976024046
1705643278
5528595934
9187696045
385751876
5830470181
3271368429
2998297152
270203865
8351875570
8719247019
7802421825
8459243896
7436205827
1156024264
5958600910
167474570
7220627318
2250738056
2839890802
5745649271
1505456547
1882371078
73178747
9991935153
9810857731
8701471457
3383357477
2833827408
4901170739
7748384551
2264438808
4423485596
937591374
4401459363
3311697432
5368938937
2938650792
2743899567
6821725765
456537656
3478766721
2038596385
9637170360
7925060123
4884624194
6476705727
2673730062
9457550347
9913236244
8409075986
6370819677
6043223114
4377451439
9397441125
2818899129
471494672
8994864572
5581472511
5631731956
2539392132
9969565630
4824706489
7427753745
1225787010
8817061384
4342424201
3781513557
3895552214
6048657594
5816608532
1893935753
5218915309
8901723244
4926858459
8694450670
5026114312
2587233558
4832552151
9916087925
75218229
818929289
4166527051
7605540772
5896661059
3974901755
3636090612
4733148925
2797637470
8544608989
3381448587
549737053
4016659789
2539985467
993176034
3394139561
5108060755
1468109850
2837793054
2854586239
3852757239
4722110536
3563384731
3058366635
2691702116
2164958154
5582350644
6896701625
812225034
6793731144
1565813941
2742193755
7904778272
458194479
1412700646
9588715814
9432982327
2758549727
3320047754
3964378774
3715593570
1912345302
545566165
8863364611
6735065160
4708066535
7207074279
6827991246
9082512393
5184335626
9139077529
4074494461
7868940187
3101204450
4348291764
1898239202
6680199719
9655803936
2675213315
2053527788
2542748460
1093257813
723975464
7960922446
68089516
4041614030
921508757
3024752099
7232686746
6894856378
4139098396
5513074846
6125724498
239865206
5110294242
1585806521
8518602050
2687656230
9650951602
4817587975
5411670946
7498430799
1687415229
5988496887
426763343
5101780453
9019112676
3253561564
7860812223
4287388449
4177214497
5845992233
2917779756
2825485077
7141630387
5500761474
2639164690
9453487457
2884823493
5348917498
3209319542
4285569766
9388888828
206018905
6550170070
5981109289
846933711
3199291114
7469353521
9956986065
2276523137
4566698258
5087717444
3072381564
1110179215
4892903490
7768850387
6455173678
5257391782
8193577458
7246653152
4902482729
5682607605
5599656159
3307069459
1745499393
4664392105
4560200148
3933655487
3213756717
7984977686
7702433027
1590270829
5238142702
1253370032
8832508351
9214634335
6665751107
8411756851
5312360376
8372616604
7798947381
3919147443
4105107193
718398377
3047418813
9481548437
7460533935
3397875476
8768991295
3407918585
1382739051
8417492506
2499542399
8155097918
7458760275
9635437149
9469217267
657669870
4962750137
233275076
489855698
9345338670
2173150313
3015277715
9660858775
6410191090
2423913815
7725402178
1143221003
4092225897
9234913333
8671239627
4090586937
859963499
4684681908
8046744953
8020780366
1854627434
6074396570
78532516
1500265102
1034519622
991084938
5527236970
5261792087
5470801497
5533913828
5905110207
9360340919
688123860
1129080762
2860633182
3082477998
4291366200
789483274
5116409694
8353068719
5123295458
4429931985
5466252822
7572451776
333106064
2600403621
4135240264
5306941253
9421128092
6852750831
7225781801
2472606994
2072400874
4868849975
7060062461
167045146
7596788624
447492671
5432124124
2091964817
7287175240
5921012689
3728906215
216822180
2226875227
4451326023
1367967804
8819609716
8345239622
6477465202
4580338151
5604052381
9747449457
2494315536
8282636306
4629561121
3357015340
5123152734
1040979238
7139405016
4711017476
4938251912
4036764032
380653723
6124560688
995548174
1469690402
7184057141
5796001040
8620650750
4653348975
2220921662
6872976595
5486811515
9178209711
370397980
1448079703
8050373142
4033684494
8795957039
8704263447
458091671
8403853892
9567093329
7195905839
2538963533
9119550564
4759328793
8895167461
3128900128
4685561557
9902534263
6772488395
7677720277
1529242363
2208658497
5349391547
1403088889
4853722694
1319912335
5149829143
3960224033
6184334616
913591612
7293104469
665506159
9240557361
8567161395
8734883294
2931354641
8762487315
9575883219
7437745910
4029688598
7063428098
257383125
5479243358
9042267126
9339203157
5121928086
9110691022
9369440989
1472720354
680036275
4063536626
7969098368
1862829018
1200381821
657480560
9061263233
5425204187
4845060398
4814797533
9592712394
2982067624
2253384058
5582523687
5351282807
3371294091
7782846468
6038211140
7398421980
6559899489
604734162
8282146021
9447121623
622116375
3073454361
5770378096
3204275784
4039315883
302621549
3960144509
4020784130
1023962649
6027650190
9766019266
424054361
7168822254
1243564577
6830588805
3181496451
6019275355
6461946864
245080742
4269838084
7978276395
4376684243
6665270824
9313771409
9749368075
6616196314
4180721448
5253637282
1678416227
4075683886
6617706738
905843015
6528280375
3556714627
5680252424
5446213416
2083334635
4738997697
8365777912
953022023
5514384864
3591677042
7771928059
1479230808
5929526625
496850784
9051351048
6762974490
1148046125
1966764016
6694612272
6899243300
3530700611
1809992457
6954508790
9502819188
6512540378
7163758794
1037639226
5122261402
7795855879
1278790515
4275088665
2600739189
4234195061
9342423949
575429080
21757319
8307977331
170805100
4760146227
1801070859
5216485030
9477411054
8912816145
6728919769
2143454870
4827987572
2732278019
7576732867
9135554732
9622922620
2691104716
9544126805
8417899708
2652047104
8715850251
155806539
6845577480
5665060168
1004898716
4307150935
9232488754
7244246903
6913698290
4735646173
1835395034
3701516113
69638319
5859394417
8143710876
3394068538
4951727869
7164073768
9904482320
3086018115
9879086071
9501965382
2709864723
152692174
2470503460
2250947599
9991173038
7814274653
2999995445
1705286779
6752614057
4953191234
8642647452
306244988
3127681560
5165125231
6179974630
6772057416
8873090606
3503566397
9132555873
6018780297
7853886175
5503719953
9864317922
4110208771
2361586466
3762774129
6493210729
8921374814
1564001946
5074260150
9872638510
7585203620
5622862870
5522326091
2207221493
824731449
875277688
383518786
9930722478
7104227907
7328047649
6282649521
9252770766
1154949333
8507598971
1698365551
4961957193
8400533307
1251673442
1414356375
2290234514
9912577484
298020803
4377782643
9345036995
4150493189
4096361986
4398240109
6458169272
595820549
9734408248
4347770665
6251440841
4283870583
2951233575
9797745554
9626814478
191689996
7456384399
1261881361
2710163584
6941567365
6424352870
1678171379
9446610798
1286513189
4831743776
9818987977
5791655290
5493833101
3485284566
7680162425
5512182864
5986613861
1777815589
3916860872
8290336455
4542533737
3011230185
892650605
4485803985
179165079
9658404792
1581191499
1172371125
8508036110
3041417353
4726406751
6061325450
6058631089
817460884
2801376110
9788112016
8825652586
374418467
9539532200
7013507527
8134263962
8690439100
90411630
1177048472
8332375367
3671474081
6220522810
4311650132
9567522748
2353442400
3632432804
1923297263
3761647152
884792619
9692275711
7073342443
464413351
4126804568
9894049251
7218475610
1125356433
2676036485
8843901433
2802417220
4304486860
8237289876
575828415
7710586908
3954287234
7324783429
5184518619
383148111
5407848870
1423669685
8714053372
4053900940
7110924662
9710349037
4229456297
9398773809
9883594447
3531425554
5564825390
9290079198
4210373828
8352653328
6901297261
5804496315
5261132850
7847370561
5231719370
9511062156
5029196598
7228824042
3874775188
9676550652
2673817177
8441147344
760341619
7753823640
2438329253
4191022109
9180876979
8467958388
7916289907
320285749
9679765472
7335377590
1938391325
8984681433
6229067822
5435064172
3353547767
7320489268
8098010121
9121442713
8934682780
3656185773
4141177921
7546138608
670201237
6910409138
5942103013
6831271828
2776824163
4109584121
282265381
341216979
8270906010
6577750096
6275618193
1930857185
1580449632
3244571733
1963384753
7955767264
6191788460
2297001535
2432671716
7404337548
5891179019
7251736978
3968250176
8276463634
2763964297
7416125944
7334537234
840980415
6016630315
41725363
3716569505
8893499471
2216499806
27092049
5643684286
9431135829
1873195284
4277406080
9515336382
8937071010
8221863668
4010460959
1758278156
6048702555
5353657078
98082525
4853727149
1611625731
3148712720
312758901
3047724608
2116682832
6240782742
7248357292
127627181
1532866754
4964218946
8098672290
4767097218
7514365190
4299752919
5783201893
8250898587
314192060
8635771347
328145705
1944922
2605797716
8384607866
1743562539
1024786840
4191414877
2017775094
5848940039
637665744
4351014870
3864766533
277047383
2398977739
2528989992
9113901619
7579594472
2244762655
1144668599
2741642903
2000742042
2025091866
6564655803
6494609428
8817132900
7002219955
6342090147
4276402922
2604639416
7082581437
1001138582
1263151727
8882959456
1291015211
501757687
969599507
764912133
3770135389
3888339355
5446213670
2210768850
6591889776
2009269342
3461566561
4223111682
3916306067
2131483805
9827989430
1188110707
8542891261
3723234673
8543459206
6401256170
9052857401
2685988284
2623417832
623737826
4654626252
2014413339
1373616212
2979404180
4332931241
7584513552
9107668295
6055385040
6551021357
8860860715
4656192602
5175829728
2591346246
2296619802
3017745800
910059935
5103669785
6870394585
8057947365
133254841
5299744140
2099756255
35736274
9512756948
7499827476
6881777121
2687710017
9549870901
9321072376
6387198056
723341293
8659909675
1440628692
5133070067
6912549537
9722823136
5091885193
3453592198
7819657750
2097856226
8638798924
6735503560
2961231203
7197031763
2036339879
7816015706
7669081544
5872670847
256450677
4124631127
7815155709
9594561852
7642359263
6783441005
1336501029
6866490299
8719166529
592035494
74121871
4537474785
3028846839
2421068125
5046719689
4282154975
4640914578
6326274365
4503569449
4737482543
4974356765
610633461
1790050815
4663534390
9714007404
4555503592
4532167520
149935861
2901849459
5224698464
1560059788
3059615458
7974533164
9610851718
2543504485
2523625559
5010764609
2831101027
9017592663
4269896056
6127892198
8360670646
7647123471
3242255945
7206932436
5922108268
428594096
1303902145
791600307
8942131436
9948824953
5106482496
5504399724
7756795715
10126302
466698842
11470599
2162075420
9868527641
6359980472
2932729488
5552420113
6103019791
566278623
5598671454
9746918478
8430805303
6493665876
7002180966
1433513312
2912152181
8218666412
3144822297
4057446722
6480448399
8150799309
6431726032
788926100
2129738473
6993805432
9450592344
660782279
4393669386
4908719315
7727929675
3471884531
9196314391
3898488577
3433886331
8903522092
8821430620
2461730217
2762749000
1852014434
2728684354
1291730781
6180016065
5076843144
1449105244
4301137990
8386301649
7399011292
1799156129
3466759770
7101389500
8665297637
1201474710
97851670
9597854672
8334006195
3830132163
9264673594
3497490902
499046020
1552957762
9189984143
4228012650
5228827715
3082146717
6826093730
4404028490
3597415666
5957192092
7280824750
9687454691
5050306891
6780189060
740247662
2468387837
5498841555
8381264796
142027707
5006443361
7098763947
2046878803
9955303436
822851262
1685549913
5197189054
9032991324
6375903603
302832882
9465263383
8881854694
1555159105
9279008328
2143577468
3681196286
7115228296
8466894345
4826817414
4562870586
6257864024
8745762682
779219628
3267411849
8263207268
7062930414
4637363860
7955178272
6504951580
4265284287
3273217948
7928258009
175633757
8602482562
1416941538
610184862
7537817518
3832262663
4888435458
2513839504
5327808662
4106139573
6976567323
6271548110
1388185247
1208877533
4654386655
9230016063
2564933270
472085011
6236712674
8769931878
9561970104
5630355818
9788939154
498498581
6097812928
3376920560
1230949914
8485487722
3856414020
6787017422
2113305214
9505079470
9186504806
9931999355
3107764007
9691986938
7263192266
7079861655
4791886058
7438145821
9978439058
5928172270
3203165076
4639954102
7933696683
5088699918
2674181670
6926636855
4595973440
940846582
546589577
1469829808
5219606337
5051517676
7451494781
3252341778
3574943041
3514489987
9698862259
5406579877
1408244776
1201475065
9592719215
7773208397
9649100552
1364820434
1780663960
6088435333
7395272062
4139139297
9484970139
9111038813
7093915762
1832415945
1701477244
6992086684
5712592855
8109522303
927821206
524701996
2337114007
9807510557
1754258839
218751512
7908263366
2058226428
2343949107
78215203
9463808284
3244111310
1300957886
3342368308
5922725053
4514676871
1759301014
5804241981
8113901302
5363929995
2519125237
8855414736
8946180118
395493893
1493732033
7495574099
3320787194
5289515229
3784986214
1825842007
9870628055
5870280017
2734050796
599553104
2505064746
2133848767
379482672
7265052121
7068116759
1259801637
9008252665
144612357
1379316507
7632606835
8937758180
9261596994
2248503556
3046948743
6331303588
5253172857
3908368380
5665166051
4911492155
324256714
3753940200
2060044198
1072133988
8015275291
5044860811
5774847746
8813124761
4016380481
557026966
6918186301
9047529472
6950047032
7230195406
8437568
6499453956
3962184325
9766218779
8149955215
6467331605
5482063514
2253558542
4064688198
1512627449
2257366643
4670296286
992838171
7876828134
5185004483
3284955920
7632164491
9341242996
16841775
1608858774
4552589585
1851142976
4203146183
6480384638
9998971731
3849795183
4736608824
5788373568
2435186459
3153110133
7242046803
6904624500
4689118483
4969797188
9017045545
4398194619
6727037668
9297685735
3646843397
3285598330
777073580
216103184
3620288943
400840662
2010281249
1593661824
7043511905
8546617920
2168969780
2525388327
2142481078
4263405022
4060480528
4191999978
1608971643
7633563162
3094351480
9717398904
2823847191
3862973853
849278677
1702259321
7975090747
4832788236
6668467808
1527810844
9892621231
8202891691
7066733425
6304040613
6703071380
4224490437
7571212605
4246771836
4189462810
5685347180
1642020676
8491881583
6741669296
736676359
7118734061
8129397376
1689821733
7056223503
2697290404
1971951651
8081306236
638253878
160818372
6096088594
2362113994
3583250296
142135894
5767414076
634081280
9249687826
89092540
9960873345
9086761383
4565468633
5367727019
8914882779
9768631271
4624878488
6022014380
9197679125
2320867306
7377505331
6553710314
2490713233
5559730287
4980927734
7928757238
2538493513
6825980468
548516654
7960131282
8508221437
8697710904
6703558895
8340592132
3090314154
7128006199
8853472935
7974227581
1183200788
9817693265
395579668
4164770738
9825321682
207306410
1523043701
82225046
9617716847
8750371544
782028549
6750255196
893177284
4510204384
5997647629
4544554396
7389190885
1474446439
463707239
1035532222
5743078966
4564572344
9930024406
7227120803
6369686992
9702047352
7818867931
6477279808
1707048720
4407937978
941759133
9737387703
5780808278
4718968554
1974555497
5374835874
6635161577
2957451802
6919942069
7430043521
3077254278
6341284068
7349738114
1485148541
1008310481
1570645942
4376170921
7498534730
4591821203
5316322333
3298769208
5036339196
4007170257
5796527962
1196767930
6949035543
7350020146
4878083082
9893711951
6009928711
4964983271
6719789479
6441400933
8079764699
3361375309
5584135132
9432601622
6970360498
9977242794
161567933
5549340680
9799782528
9508952193
6113155168
3234129656
6838487492
5228662779
6415150145
9066020812
1021294136
1897922387
2746916508
173675447
3860935990
9580501953
901015701
7804678058
4407470266
2893502842
2211479048
3861902159
4267761538
306728146
7508121734
4566367459
1567272099
2636310673
451143123
6572374975
2654935761
6397491594
2557652573
3623651724
7230900781
2341660293
6957493090
200564562
1501397238
4415919365
1681026331
4630674586
6056187358
291711661
7605595041
2902571059
9850106562
6793262091
7736466370
5323756133
5791799029
3445392985
3506967579
7018125044
1814428491
7551689236
6765962758
8605297303
3353263431
6274388248
8674035516
3912996596
254232841
5444102567
6690088559
9793338852
2825930677
6992229138
3380522336
4975510741
9025217322
4495035492
8500743414
8277843971
8540978560
5623144701
3812589621
6929292606
82559638
2194957509
1235344837
4532419039
7001858625
5459469740
2625812878
3821574601
618118228
812888230
8779880248
7800394747
8619694527
1960787982
4444030678
3608862098
3975507678
9349395304
1810051621
2079911277
7692671599
896381513
9833779353
4876610225
150694287
3247081210
6108331457
6405836950
7785603639
2640515807
3033771855
7424992060
2342397279
9703296583
1918461780
8055662031
984661330
7469003718
6942135108
7990062344
1776730206
8604914889
8639793280
9195703779
5345345390
6730267223
8959742714
415327670
3638324609
1423038038
2179872674
9432336559
4473362596
6633760294
227520822
3500947755
1502907437
8314198431
3269639221
2174924099
9175901374
8262196681
894256440
7022090151
8067146614
5781617569
6049841899
3333500347
9478689358
9262336393
6746635866
1868145216
4723079279
2905364007
9646336772
817924674
7681256412
3189235312
2447156011
7265199495
9915023351
9049696627
1637802354
6136145481
2983079350
1931773805
6229516099
7458748365
9356888812
9540709067
4493700954
539997956
4634836559
8646417883
2802642330
5292295974
7546275039
4285904557
8601402951
8009084636
654423348
6113409376
8147746120
3272298746
5746839838
7390061470
3558092411
4691026700
4483819124
433349290
9349677290
8676294852
7412747368
9582147675
7532753210
3875413732
592307803
1118383677
1844768499
4592586001
3791839683
4196852260
6950761524
1333690795
2650225446
4589636446
5317939871
7505847957
5084571338
3917222579
8113747390
7523766993
6184758670
931011180
1990932532
7732440448
3269899746
356812833
5044837624
5651920182
5393260942
5717168255
5144030680
7996967461
1440531715
7810008317
1989106083
240220763
8601088922
5558462492
3127456721
2438336915
3564921182
3709236538
7368966796
2774642242
8296777685
3839915512
103199400
8413624610
6058058368
9732221765
5178864918
9791515572
1475131779
4955122802
1152703094
3292255484
6496506606
9902659486
4216361879
3401743680
1407387698
9484992108
5964348117
4810028684
1012299896
6934530176
451487387
7123884098
9665815432
6428337516
8236447270
8870855046
2974099429
9910367095
4892614973
33330373
4263465817
3188017716
5000934534
8280218287
6498307509
113107504
1314385333
1670138287
8333019645
1461662245
9525527636
5587160644
958300068
2304288035
576019080
568773129
8017304457
3243829104
7756541425
8730956251
9064981162
8212287184
1628614370
9669515763
8368694172
7100629171
3366095984
1709671887
4971185070
4294526341
1453587061
8472448402
6504805777
2602525599
8859786004
6444481460
6976231749
3990348852
6155407005
8690032745
5842778596
26447143
3191119419
6588841617
1930279587
2674270425
5957259769
5026700648
2043913243
5748379153
4686306087
3710665903
6255275720
2011074313
2230968881
7040974952
6102702591
4743289633
5897346485
4868005946
9835659200
5082825958
9455621673
6152103255
4010120577
3271705727
1720077967
5116603900
1869903091
3762814987
9181052143
8812517285
7679997808
9274070285
9824635566
2643852844
7390480338
9947373194
22479859
8429319818
21465296
2360179962
1501607869
815621372
1949681365
765915468
8313424800
1427423046
4468806833
8384782094
9004991791
5420568272
3352186277
5498840448
8089014672
428714530
7671741309
6104155866
5540907294
767128156
1836602353
3336169844
1268994181
6798156285
6341314196
9547640003
9897720260
61863200
1668708754
5815235648
507428601
2052163897
6955906452
7493131164
8409548128
6877787284
8233099503
7825618943
206142504
9873327381
5573514272
8646394079
1030479416
7511220727
9219429214
6574179519
5306233506
1320268041
1746622690
7787101233
5391394908
8863485130
7541152135
6708350870
5914424115
4648960545
8100650550
7906617418
8671812709
7823372098
5788768775
5683087101
4635196427
2615397839
6481599129
7968896989
3808854218
293971089
7332917690
6222496528
4905676599
5255471165
729105387
1404959454
644703846
3753111993
1158990037
7847822663
8399365966
6383827003
8355258821
3630063282
3713771976
3922728855
3248900366
7309183785
6450255708
8423449635
6756006965
6609486879
6772316076
3712519939
8156656755
3934497657
2668730792
2553931131
1675435323
1410289327
3646672174
5927565029
1392614174
1454384870
5449074490
6574849221
8927850617
7320684212
7143851897
5604308907
3033737744
1288824347
790560612
4709290459
4727130389
5451327116
5009694538
1722846005
2381371121
7938861500
8666109269
5687480232
5285498156
7143786921
998068186
820239534
4227155296
6861119731
949323407
7439735477
2421536539
274069024
2875167508
9982411354
4678950125
3097403292
4134755949
7427852111
8096498514
588123687
8309343536
3891809871
5126341909
175122404
5735739691
7916023945
3932839221
9441158473
6966648343
9747889822
7367792364
105247930
2292619434
1516420084
4873804961
2992110249
113456239
1889735821
6794434834
9107344027
5933270433
1093810559
6769218289
5813622351
8570927355
316181602
3103496544
9876291054
3022064629
2503916158
5975357986
7894383805
1247216982
835470658
2040363917
1895451085
9144169783
8331832749
7752102946
8359952750
5132516762
6101051220
9112144592
5924589773
5480517654
4643559282
4274054032
5483402175
5861125131
4635639146
3904735242
826104615
6099197155
4628405861
4338973482
5122701788
3250008229
3567273373
8642339427
3367404641
2096887627
9873425836
8887348338
7718716971
472993054
9726965760
1899051404
5757059208
1576618647
6237137816
6324636125
931372244
9158974012
8137912088
4995013614
1641503212
2341866960
4533408016
9670032625
5826142884
4049825900
9217135477
9221355080
8116056532
3782327202
5246781244
9974195006
990574428
4822408103
3260198410
9089746126
5664714479
3890374070
8137626765
147315903
8311143652
7285032549
3949149770
3405459710
23908374
9771601118
9119493766
7013669450
9267915233
7574109614
7665070356
8540118083
5889064145
3338296943
1943640684
6332331484
2925930786
106476872
6484664009
559212498
3318634131
6073226784
3580251189
8133055677
6996886750
3736785313
6326125660
4722617656
5641075664
7862548130
2606225005
2615135528
5178667330
5737563981
6628848772
5406776091
9614943129
4430130784
3542112881
1681911157
2730992988
7702592818
9644744453
3381157184
7343324429
8470523464
4073953848
5707903654
951574622
283461754
5628033108
4142346306
9049941008
8303428550
1049157778
5062660446
9799069229
6681817171
8451602599
5373761286
1808483516
3276642980
4413652318
7993944691
6488206017
3484602800
8949586370
8755805424
3101830554
4803697562
9962376966
9622379244
8530274651
8654646371
4626856833
7955061228
6632087225
1632226189
6267663103
3254908098
9562907078
5771758551
2348901578
4155105703
3893199342
9221319984
5227682884
8670652433
4903133981
2033619926
1569227051
8416819419
8678370496
6801382163
2756323702
8174455287
3211147823
6244764962
5040794846
1085106926
3650470430
3904354463
7143158151
782112256
1982067680
9769639200
5860588012
2326753805
8403814575
9784582118
2497914185
9167415704
3104239951
7247458616
1090395872
8486311828
7153967090
8356580433
9484052726
5316821831
4225501292
2819212469
6770352041
793456018
1331694005
4794489918
2344528822
8864418304
972495234
5425277743
4908289821
1858623070
8683222032
3024555875
1347041398
424920368
8939840944
785901898
3292088362
2762339892
5278065108
9368009285
5615141810
6392174204
6409627291
4824473164
5129256826
1775451877
433567431
6351716971
70870301
5537275677
9959126153
985269713
9831867564
2374235336
9215318703
9604522407
6901911618
6739553716
2450171422
5785791163
6414600158
7096810616
9440988413
856554235
1049062702
9954005885
3992079163
3016313852
2019576845
2862282283
9159556434
3297548659
92117036
1476640722
2171230089
5195475197
3724528606
137633027
2019119513
6179340209
4497015772
2186339721
8595721620
4465145432
5715067944
3778478260
3523178097
7204245364
251464912
753259958
3468253489
362411964
5087321389
399131928
4011414235
7852920914
7353153521
702572702
7143019178
7466478884
9389673014
281668447
5204131961
2992254003
8496842898
4184362465
765153311
572132177
972839148
5705312827
3097343869
7675984176
3046020064
831388474
7040619280
9665144704
1966183746
6657117926
2821353901
6391363102
2796733975
5189539387
567939583
522640629
9632795341
8205623685
2715357208
7994381658
2260110394
1342777386
8321364927
795312666
1114595833
7901760292
715168236
2880305690
7859987839
3754978590
9279624946
9807961996
581695005
2340719951
4911707553
740120639
4352648785
8614236270
3193842104
5546342712
8920347837
210281887
9008628227
7226368705
2080108732
3804693436
9115352211
382457379
3615222165
7845786663
7389377237
2913843470
3087013997
7779410896
5365113328
6272305730
2426981651
8137397600
7566704870
6059189408
7473909246
4435887814
4411525528
2561986704
8990443560
3260819964
5323036737
1007640220
5919778760
6196974376
3340077122
8252740175
2820629977
8820826192
6827401044
3577600740
3668588166
1209124320
260491426
6184700598
6875856938
334721563
8300774206
2444070893
1811414209
4440854830
2824258945
9280024979
225248819
642190707
155131196
2391478339
1470496186
8782787030
2855779710
3129135886
8126576983
7500444042
6055804982
5353891961
6853892833
8388092302
2885552378
7780153259
3643144147
9124170491
2757341009
7638851979
3439280789
7270797358
9577282664
8104615906
7107053227
1190286219
8006246376
5652211346
6014251965
8958578791
2894841435
2213789235
4123235074
69866445
4813596982
9761985460
8407300675
4554960224
911847093
34911271
7579827767
3602906056
2488021432
3713053857
1304575212
8210207187
8048509781
5244420884
507705787
7306336943
1304841305
5046023300
3338411350
7031062679
9298629194
3119882639
3403359371
5818248006
4344688200
705716142
1061245540
218764060
7682879130
8043675629
6138377510
2017679057
9484127219
3301819608
5990292513
6871608583
1502607094
148670090
6644494792
9771194616
4359536896
5010714244
9823615559
6618193387
5887040635
506446786
1027941808
1450918499
5564301913
8873426708
7902660708
9923828039
3459302862
945129191
2776155908
5151642097
499695739
7829216265
6711867545
5062545580
1548268740
7465212746
5926400562
1259567727
8031716567
6135324279
2327127984
3980165377
8453770990
5770172122
3926900991
4294398728
2134047300
166739215
2240949890
3758536492
7721288952
4818388407
7458165333
5730800039
64969469
3401734777
4309182818
409790705
8891810991
7119281021
5350096431
5786471725
4189203839
9872755498
588629986
2881759454
6902364055
8687101696
2080975356
1298693872
3930069726
7536193772
3096665773
5113658256
8582671983
6677674612
1657121097
2638370736
7940831177
9812834297
4406650490
3023536773
9934095398
4257984266
6344842511
7405701643
4176977566
3775751131
9245497876
85681240
5883907332
9546563055
3601565092
8361937360
5976080021
1838378298
7756077305
9374310047
111055063
2987909236
6477614306
4675619980
610547543
9140127146
8403354184
8911674512
2399825073
1798132640
2691352642
659279421
7279880974
2408772020
2565803211
7097974159
7414451389
9838306285
7604995303
5581959477
7155295752
7076129300
5221627443
1601720678
7819370140
2481927547
8125735750
5385353675
2656511606
2693533088
9145479498
3666703353
2982264004
416386706
6031415367
9959865396
1385653663
6849341979
7740189328
9488391366
9162171614
9632592153
9892549980
7180068241
1341715042
1467096180
3095783282
6759969602
1209934216
5972593187
6522600865
2993621478
1680808921
6739873255
4395238252
1205664512
3044135360
6282973502
3917755093
6323147586
7127146435
4818334331
533619296
8956081501
1940942442
1690685228
1777564026
8581327355
5475349364
9409144842
630860206
4371439690
3446969261
7835854278
133936658
4832541550
8430654293
751679159
8205811784
732107437
9488902717
1568730621
8154194348
9464916756
1110880728
5435409155
8723147683
240326431
3767422053
9891886375
4893801356
9890121084
6464488539
9259154318
2198794287
9987931129
5780298918
915713507
9179198532
4299160306
5994707847
4032347850
4561277110
1197479199
5564946784
7279807400
846911788
4870261209
133674507
310258639
9057983956
6951696462
5823190959
1984883035
6521365256
5884692217
7581582149
1758628466
4416398742
1966221983
3795228896
449684999
866247106
5897848877
4272421269
3529904087
4230638139
21514872
185748717
8372196514
7704243547
4510958306
6590663330
1216277438
3348455695
8805971232
8939641509
4573846243
9486847098
4242928033
9500829956
8182685311
2411512336
1745255095
6477293805
5742990501
2593268022
7320175761
5603280033
9842727923
4599927004
5450260011
1555878756
7876932234
178719512
2863094389
2894919484
7266574217
4250964544
4647821032
4018950809
8800776733
7310321640
7456731486
8074171534
4713094379
557110627
2833171366
9760307623
5715028860
9896277267
6504126899
9598154989
1462761647
7597528635
4309465827
9576481846
5168819516
9122444107
4588671015
4815252180
9330936790
6923280805
9927235757
803859556
5899985842
6297002050
2881866061
6679806327
4165690652
7018192334
9368142272
7333342675
2119581997
8454835130
9267199157
9557331675
31021337
4472865605
3605771959
9558293368
1088247875
1971485173
4019477062
3733884655
3251971269
5065134582
5891627338
879143596
5001011515
5112981038
3894975228
2408127130
9579667462
6923026006
2209633001
9042272647
8029377684
3870811756
3352738131
65067491
1267625295
6499906455
7742530935
5708406151
9605695440
6498088466
321459138
2906213164
8580278408
9540457251
7320847556
7133442025
8141076140
5650320368
7290348903
5792370717
566328560
3014486106
4167523915
5662997311
9319031502
4018753166
1061406533
458355406
2397138309
5320349439
7867765254
2428315107
9998694767
4876363023
4434215866
8683408729
5289711274
4985054617
9912103682
430403790
2266416537
1172963899
9163468526
2335423866
6717010952
236750149
4427065743
8556166533
9833132620
6655161229
7367738955
912562732
9366230037
762754009
129387598
9976555488
3059362502
9955297247
3759623657
237484310
7140092760
9440253860
5832566301
9336070481
2372819978
4512294388
1229229368
7261527446
4901399238
1712239918
6078803356
5113901438
4927397773
672998167
125837108
4276365575
6998217915
5576098553
9316480620
6076146905
3450107301
7872323065
3697056957
1788122851
7878176641
4234696786
8143882278
4018992236
1849532408
2626344767
70315944
7728276872
9718344239
6007550558
5753785791
2552093679
8453674553
5865186900
7135156377
509874533
2573539544
8351446325
2799396269
6713625720
8922343619
9882173590
188920741
353401250
3899470029
1250560683
1250830366
1925604653
8467260953
6174827029
4731647751
2788165057
9070972096
4959276862
2557756391
6573319956
5045031221
7224457071
7200748934
6134183551
3083231695
8839273915
6045589679
7184785393
3495845894
7035320738
6315480849
2415509100
5362252300
8240036343
9078744458
4448191480
1831722282
224704334
8116078243
401917400
9631038428
55723931
8134007232
2472174464
7058979168
8357950792
6191515770
3148316873
3164414475
7898516008
368313820
1273001447
1552404988
5046507248
34056601
6952224216
6856824768
1650064620
5925800436
30839448
8501312086
5807021233
4984038466
6485917047
1500738845
6361912157
2518526584
6312789519
3026670283
3494047500
4117915281
4854420215
2891544658
5928212543
4714640327
4830564065
743354312
5207224736
6451175931
8997420857
4611268593
7220511543
1953338694
4297410967
2226465616
8037029239
7600453465
9328924995
9878786647
1746914670
42653294
9665605243
7265868493
8820015315
1329234816
9154686273
8655536022
1582094823
7214240764
7847740608
3875626221
7490586948
9939931599
3561111923
6207996166
6355082369
3304421693
3415209293
1883892577
5012700353
4195904659
294196712
3566734035
9352192705
662200440
7160242359
9760282675
8060642639
8283850500
6252495026
822187603
2821946063
5292305025
8122784785
3095270168
6957407187
1405624712
8656971216
9952166095
5103572396
4170019613
4821812246
8225493162
7272398323
6328156283
6836035167
5763004532
687499828
7655940064
8911081912
8579351344
2012154449
1342753612
4339260114
874766313
7380598006
9601175979
1517484125
8138492321
3950263653
8000172591
2592316955
5911746095
6855295557
1440809419
7510755227
5306240869
7023587910
4858121984
4555439033
3265608849
1273844525
8789976328
4606381024
8682659662
6793187056
281197263
5089519905
4791446951
4043088737
2312338998
5494032873
503744204
2576005067
4819652505
5705588526
8106265084
245551336
3387607428
842632940
4914583218
766574883
2736259110
6188631071
9118220162
2677342534
3327809683
2970202242
8151241740
6078520265
100648078
2523904232
8651313786
7440523538
4660398612
8952092332
5472977985
1008243882
9135152176
8249712062
7478387822
589393308
4484443693
8608962720
4134926733
7611870872
894706804
685441726
395814509
5864481218
9580870932
3939535501
696321358
7663403352
2280427798
5217042530
7233749597
5876025502
408766532
6850090179
2398723659
8730471637
5385405251
7847143410
4523621031
5003574656
3851858298
5604786612
1546934813
9433486203
3289709245
2257772428
3522526308
3961678621
8983389738
6856922583
5411733128
6264343402
728985350
1482827233
5418643366
7610592498
8100194302
2238846770
9107366609
783315462
5990097812
2477926304
4725522232
5149080380
5422539149
1631523299
3042492819
3887665034
2629916152
8022612369
6298989442
7671673968
7424538792
5187414202
2527177623
2206846663
6110253762
7224071826
2510406951
9887794666
7238751807
912874480
5377024809
2961248132
6790322181
9017964697
8605833003
2056508165
4419930123
6961991062
6696952031
6916459887
4599244738
2127898706
9708729712
8833406589
8307847990
8082510609
9149956390
2203251632
6163717467
4167229544
6158189031
9428140235
2713632208
3701063419
6486689108
6282058816
4230874818
8940189455
6471119018
1454042844
517738548
104474037
4102069728
9046601494
6294537320
8524262156
6359631537
9830093300
8167350852
9345287424
1717769481
3351441803
4644212590
1166362874
7599466483
1598532276
9452956820
8726483704
5732746667
6816840362
8221432819
4334331452
2787665551
8853001479
7517562544
1273803609
6824089220
5490034957
7804142834
6459666165
6399160095
7610232438
1811898883
3740688886
5768734979
3661054717
3241519750
1027068378
5569081357
4090895642
1124524591
5223153438
5318059435
7838653542
3043029421
3071696022
9971006405
615487341
4766430118
1256854989
7800494682
394564452
9270105872
4144148894
9206140463
7898947426
6632190767
795395088
6175953868
3277987251
9141627109
6209508788
5664406120
345319918
8259613250
6160575178
9881588501
2506127641
7131604446
2676082552
6081815479
8445016525
4627721963
4651158464
5459088914
4881979145
2325458955
6223214098
8257249249
2929146437
6485400806
3744377043
6709829070
1029474653
3504090086
3825319198
9575408225
5043677320
5922051071
5666687558
3304702486
1923775173
3043628028
3518497111
984035399
4022828420
626766441
9659476620
3097033736
1252824423
2632679922
8974059079
8090403957
7806019870
1949103633
9130027994
344151858
6823431718
5185817502
2083816764
2061119620
636409344
9536623180
8069486448
6624612427
2727847801
6064045659
1420738826
4159202717
5460912661
3877544179
3738438239
7483671323
3674609237
5682562742
7884282673
1634006777
2339589250
1207936001
7628338812
2410875932
5368763412
