878
327
742
102
723
954
463
780
949
628
911
642
52
9
662
786
255
356
655
291
253
320
628
159
536
377
698
693
204
931
897
534
627
662
702
764
179
61
498
308
393
620
259
589
953
608
54
803
717
606
461
643
967
753
606
874
899
96
716
964
4
557
164
802
591
95
666
408
495
16
734
712
706
168
188
312
932
71
170
735
764
539
774
896
227
399
427
703
325
353
862
195
213
38
769
602
598
609
70
974
370
681
400
793
934
396
304
513
411
703
272
895
758
532
36
184
147
638
296
694
666
233
799
665
843
349
467
673
802
954
970
627
596
243
646
755
313
73
676
144
450
763
368
985
300
251
44
777
334
912
230
539
655
490
18
672
378
175
397
85
214
946
558
281
20
329
40
223
459
376
948
152
541
403
89
908
182
37
328
938
127
658
623
793
278
519
175
445
783
676
656
681
199
331
209
104
200
215
214
213
560
358
376
826
971
736
104
791
144
900
845
351
616
891
262
345
557
514
315
193
29
338
376
641
488
118
62
195
185
843
639
283
44
791
640
538
187
164
140
648
605
159
16
209
477
644
807
214
117
641
252
246
175
129
797
195
982
449
93
96
215
450
683
749
637
706
466
655
82
269
368
491
130
169
374
114
975
110
771
158
449
938
574
235
566
289
394
765
555
660
863
273
765
428
98
964
750
138
804
921
755
795
961
840
760
196
331
638
964
499
136
483
733
69
877
692
212
444
252
269
204
538
805
315
784
533
77
616
444
176
250
45
694
41
80
646
844
533
456
607
265
445
115
137
552
812
906
412
45
52
932
860
229
266
719
779
133
833
180
762
719
60
266
42
411
201
794
854
38
409
210
89
391
128
201
121
356
404
383
951
876
246
117
646
831
916
839
597
755
812
559
116
674
18
204
716
671
606
473
621
195
606
440
564
679
445
888
505
315
635
356
366
28
900
791
73
200
994
637
310
52
423
749
909
171
211
711
841
877
993
996
325
310
112
415
568
907
248
52
254
283
787
422
96
770
41
594
179
995
255
29
370
154
737
693
296
216
177
948
991
460
812
410
810
525
225
858
315
359
411
99
924
663
364
957
358
195
533
503
939
583
254
489
85
363
859
377
728
419
309
304
718
777
604
225
560
464
227
13
289
839
408
774
610
79
581
234
853
269
625
860
61
618
296
995
629
909
456
767
921
175
103
257
112
306
987
910
784
406
125
361
426
542
934
326
424
202
718
806
693
870
835
65
415
417
159
229
207
772
632
955
286
862
905
447
302
164
578
700
47
360
941
148
411
616
484
220
146
887
814
147
179
341
483
612
47
801
909
634
98
596
96
103
251
22
1
517
816
603
447
261
255
679
456
15
958
108
162
366
66
908
952
556
900
805
624
369
598
52
49
569
954
876
232
586
3
555
3
973
49
440
805
312
73
51
662
390
399
991
952
535
361
801
906
342
423
77
327
761
565
833
731
215
542
497
697
905
487
300
281
256
419
699
988
335
197
603
276
21
579
303
336
689
979
771
341
291
856
165
28
478
90
24
497
376
744
997
699
518
689
668
484
876
886
33
532
25
754
924
748
20
730
794
102
459
465
315
242
624
161
405
289
466
931
845
839
1000
919
144
473
320
319
578
901
207
803
195
622
408
764
495
144
203
789
689
535
654
914
295
219
715
656
950
282
598
732
464
418
148
267
872
240
451
582
147
191
265
36
475
716
996
832
741
761
822
716
243
242
47
79
790
797
176
632
436
94
461
94
497
752
837
199
876
751
810
881
204
610
378
354
980
687
462
837
350
293
769
269
486
547
286
640
42
297
190
599
470
164
492
928
572
812
562
990
444
660
74
70
51
771
572
16
276
401
88
817
399
274
925
965
119
41
649
946
357
185
885
547
783
704
274
967
783
730
318
432
631
899
373
78
633
345
777
172
379
959
894
5
362
799
409
749
166
238
383
144
495
178
72
188
611
885
809
829
962
850
325
164
604
905
172
564
873
396
917
843
763
546
581
616
590
324
569
874
317
52
905
646
756
728
50
603
354
251
533
45
909
864
541
47
831
596
412
796
19
485
185
504
558
87
969
18
792
46
572
815
733
227
362
944
349
572
754
736
672
143
567
636
821
561
342
945
631
663
142
49
321
457
706
357
359
607
275
171
25
113
543
847
989
952
297
936
429
594
774
970
22
250
149
17
427
922
115
339
660
601
825
679
253
416
803
191
623
186
296
79
804
327
223
655
181
991
119
608
301
50
586
426
582
946
379
571
884
378
416
838
332
865
86
632
342
253
95
73